Justice - Nanako Dojima
evening, sunny, nodate
special
03.05
0, 3, 6, 9, 10, 12, 9, 6, 10, 12
0, 3, 0, 3, 0, 3, 4, 1, 4, 3
Times:
07.05, 18.05, 20.05, 23.05, 25.05, 27.05, 30.05, 02.06, 05.06, 07.06, 10.06, 11.06, 15.06, 24.06, 25.06, 26.06, 28.06, 01.07, 02.07, 04.07, 08.07, 11.07, 12.07, 14.07, 16.07, 17.07, 24.07, 25.07, 27.07, 29.07, 30.07, 01.08, 03.08, 05.08, 06.08, 08.08, 09.08, 11.08, 30.08, 01.09, 13.09, 16.09, 19.09, 20.09, 21.09, 23.09, 24.09, 27.09, 30.09, 01.10, 06.10, 08.10, 11.10, 12.10, 21.10, 22.10, 24.10, 26.10, 03.11
Events:
1: 28.08, 29.08
2: 20.08, 26.08
3: 30.08
3: 23.08, 30.08